1.tif 40 155 224 125
2.tif 40 127 229 153
3.tif 40 130 230 150
4.tif 40 120 231 160
5.tif 40 135 220 145
6.tif 40 101 176 179
7.tif 40 100 197 180
8.tif 40 132 295 148
9.tif 40 175 267 105
10.tif 40 13 94 254
11.tif 40 12 121 205
12.tif 40 43 173 236
13.tif 40 151 182 129
14.tif 42 149 288 131
15.tif 40 96 268 184
16.tif 229 171 128 109
17.tif 158 166 199 114
18.tif 149 201 202 79
19.tif 60 164 266 116
20.tif 50 162 255 118
21.tif 40 123 246 157
22.tif 40 19 304 261
23.tif 77 154 280 126
24.tif 41 187 306 93
25.tif 45 17 303 258
26.tif 149 69 53 36
27.tif 186 108 49 38
28.tif 201 96 78 59
29.tif 181 158 85 70
30.tif 98 92 130 89
31.tif 115 142 122 86
32.tif 123 170 135 96
33.tif 144 158 142 97
34.tif 163 171 111 82
35.tif 156 104 112 81
36.tif 156 75 86 63
37.tif 139 118 116 85
38.tif 107 113 93 62
39.tif 118 123 90 58
40.tif 126 113 122 87
41.tif 159 113 92 69
42.tif 142 93 111 85
43.tif 70 146 103 70
44.tif 55 91 132 88
45.tif 173 172 106 76
46.tif 108 84 116 71
47.tif 123 119 136 99
48.tif 65 53 102 68
49.tif 95 187 135 84
50.tif 155 97 72 60
51.tif 169 153 34 43
52.tif 221 98 34 39
53.tif 279 148 32 34
54.tif 272 128 25 25
55.tif 301 110 30 29
56.tif 215 200 59 60
57.tif 231 176 39 43
58.tif 247 138 39 46
59.tif 251 194 35 44
60.tif 242 81 53 68
61.tif 286 57 50 56
62.tif 261 139 39 53
63.tif 261 140 42 46
64.tif 283 150 37 44
65.tif 287 149 40 43
66.tif 289 177 41 48
67.tif 300 163 47 46
68.tif 104 195 132 83
69.tif 136 173 38 45
70.tif 79 207 64 43
70.tif 152 143 48 36
71.tif 80 203 39 22
71.tif 111 165 20 18
72.tif 232 208 61 35
72.tif 96 142 46 29
72.tif 131 110 21 17
73.tif 296 213 46 39
73.tif 127 114 49 42
73.tif 144 73 28 27
74.tif 188 223 67 34
74.tif 61 122 36 37
74.tif 84 94 16 16
75.tif 187 217 79 32
75.tif 59 120 38 33
75.tif 83 93 16 16
76.tif 133 228 43 38
76.tif 181 171 26 33
77.tif 144 196 50 42
77.tif 204 140 25 29
78.tif 223 221 58 43
79.tif 72 151 40 64
80.tif 97 197 37 46
81.tif 68 83 131 105
82.tif 46 136 55 82
83.tif 68 121 115 107
84.tif 81 77 71 92
85.tif 78 43 81 93
86.tif 76 105 84 98
87.tif 83 29 87 102
88.tif 78 104 73 78
89.tif 87 67 75 85
90.tif 100 62 79 87
91.tif 117 53 77 84
92.tif 179 40 63 82
93.tif 84 131 63 80
94.tif 108 60 66 93
95.tif 122 35 65 90
96.tif 135 27 64 85
97.tif 100 64 81 64
98.tif 110 95 121 105
99.tif 71 106 102 90
100.tif 68 102 106 87
101.tif 165 140 112 98
102.tif 166 123 108 99
103.tif 123 95 120 101
104.tif 252 34 104 183
105.tif 230 32 127 184
106.tif 222 40 134 222
107.tif 115 12 129 215
108.tif 133 12 122 219
109.tif 141 12 115 219
110.tif 137 13 143 238
111.tif 150 12 138 242
112.tif 158 13 145 244
113.tif 157 12 144 246
114.tif 197 13 154 249
115.tif 229 11 115 270
116.tif 196 12 135 262
117.tif 167 12 145 248
118.tif 156 11 163 261
119.tif 259 12 97 265
120.tif 242 13 95 267
121.tif 239 12 101 269
122.tif 251 11 106 270
123.tif 256 12 100 268
124.tif 245 13 111 266
125.tif 254 14 86 177
126.tif 256 11 81 180
127.tif 219 200 97 72
128.tif 213 182 106 77
129.tif 206 137 117 90
130.tif 126 79 135 101
131.tif 115 66 136 100
132.tif 61 179 93 70
133.tif 102 173 118 81
134.tif 172 192 116 79
135.tif 207 117 149 163
136.tif 150 183 163 97
137.tif 184 187 155 93
138.tif 190 130 163 141
139.tif 173 100 173 149
140.tif 150 62 187 156
141.tif 145 12 210 175
142.tif 43 40 176 185
143.tif 295 153 61 101
144.tif 197 105 154 137
145.tif 64 47 188 156
146.tif 52 14 187 158
147.tif 94 102 145 118
148.tif 134 133 132 96
149.tif 130 154 129 89
150.tif 114 162 123 85
151.tif 85 176 106 81
152.tif 132 126 198 134
153.tif 117 63 115 71
154.tif 141 112 25 38
155.tif 151 81 41 65
156.tif 122 43 70 106
157.tif 121 14 91 131
158.tif 94 33 67 103
159.tif 95 70 43 65
160.tif 115 20 93 131
161.tif 106 58 56 80
162.tif 141 34 80 98
163.tif 159 18 91 104
164.tif 48 66 52 83
165.tif 68 61 85 125
166.tif 59 69 99 119
167.tif 113 30 68 73
168.tif 138 64 89 82
169.tif 161 40 102 97
170.tif 168 27 84 78
171.tif 179 21 88 85
172.tif 189 12 71 56
173.tif 86 79 109 139
174.tif 109 106 153 134
175.tif 85 157 154 124
176.tif 87 127 151 138
177.tif 87 188 125 92
178.tif 233 90 27 22
179.tif 268 127 69 58
180.tif 227 142 73 61
181.tif 232 138 69 61
182.tif 220 134 74 60
183.tif 217 132 72 59
184.tif 192 120 69 57
185.tif 184 120 88 71
186.tif 169 112 116 90
187.tif 137 80 147 114
188.tif 132 70 146 120
189.tif 135 93 91 73
190.tif 153 125 73 62
191.tif 216 123 45 35
192.tif 220 89 46 40
193.tif 254 120 59 53
194.tif 188 129 84 75
195.tif 191 126 82 71
196.tif 195 123 82 70
197.tif 206 110 85 74
198.tif 222 97 80 72
199.tif 224 96 84 71
200.tif 147 135 89 84
201.tif 150 145 93 84
202.tif 146 140 94 81
203.tif 261 137 72 84
204.tif 257 146 63 71
205.tif 193 203 64 60
206.tif 43 183 273 79
207.tif 43 176 285 79
208.tif 122 163 187 67
209.tif 188 210 138 59
210.tif 43 82 312 192
211.tif 43 69 310 178
212.tif 43 83 299 177
213.tif 50 97 285 123
214.tif 65 171 249 95
215.tif 137 191 168 89
216.tif 57 171 231 101
217.tif 148 106 148 110
218.tif 163 151 128 107
219.tif 113 164 176 86
220.tif 182 187 101 78
221.tif 151 188 127 72
222.tif 190 195 89 63
223.tif 173 188 81 70
224.tif 183 203 72 60
225.tif 149 223 93 46
226.tif 87 215 110 64
227.tif 141 219 91 50
228.tif 172 80 87 149
229.tif 163 95 85 156
230.tif 133 53 148 211
231.tif 124 57 141 196
232.tif 159 92 120 188
233.tif 171 92 123 188
234.tif 184 99 109 181
235.tif 180 114 106 167
236.tif 166 148 104 132
237.tif 170 56 100 211
238.tif 161 50 100 215
239.tif 149 44 99 203
240.tif 141 54 99 197
241.tif 112 44 105 203
242.tif 76 108 115 172
243.tif 132 17 87 202
244.tif 146 52 82 194
245.tif 153 71 75 167
246.tif 65 84 87 196
247.tif 92 64 105 216
248.tif 100 78 92 202
249.tif 134 102 81 178
250.tif 142 94 74 186
251.tif 146 80 65 170
252.tif 133 65 75 209
253.tif 43 71 261 164
254.tif 43 105 232 175
255.tif 43 150 242 130
256.tif 43 130 228 150
257.tif 43 90 242 180
258.tif 43 80 246 170
259.tif 44 100 265 170
260.tif 57 111 282 169
261.tif 78 118 257 162
262.tif 107 157 238 123
263.tif 43 166 267 114
264.tif 43 123 283 157
265.tif 43 114 287 166
266.tif 43 100 272 180
267.tif 52 64 248 152
268.tif 46 70 310 173
269.tif 43 156 267 124
270.tif 43 135 248 145
271.tif 43 123 257 157
272.tif 43 72 313 175
273.tif 43 42 312 167
274.tif 43 60 313 190
275.tif 43 107 279 173
276.tif 43 116 276 164
277.tif 73 130 240 150
278.tif 181 183 71 45
279.tif 188 155 72 51
280.tif 176 138 76 57
281.tif 165 125 76 62
282.tif 139 101 81 65
283.tif 158 82 85 61
284.tif 201 123 82 49
285.tif 210 92 82 52
286.tif 156 151 94 48
287.tif 93 138 88 53
288.tif 72 124 82 57
289.tif 55 90 70 61
290.tif 128 102 51 50
291.tif 188 134 52 41
292.tif 201 102 67 45
293.tif 159 130 85 55
294.tif 155 95 81 60
295.tif 130 70 78 58
296.tif 187 112 74 50
297.tif 173 196 85 45
298.tif 223 107 74 138
299.tif 224 115 48 92
300.tif 210 130 81 149
301.tif 193 159 70 121
302.tif 211 75 88 155
303.tif 220 30 89 182
304.tif 263 74 89 163
305.tif 231 70 112 191
306.tif 113 74 165 206
307.tif 90 105 117 131
308.tif 111 140 115 137
309.tif 99 193 79 85
310.tif 238 204 55 67
311.tif 171 199 64 71
312.tif 247 191 37 55
313.tif 227 188 110 92
314.tif 239 136 99 141
315.tif 184 140 173 140
316.tif 149 81 207 199
317.tif 179 86 144 175
318.tif 167 178 67 45
319.tif 168 157 67 51
320.tif 177 193 90 60
321.tif 170 120 99 78
322.tif 160 86 116 89
323.tif 142 117 124 100
324.tif 148 151 104 80
325.tif 146 114 82 71
326.tif 137 137 75 71
327.tif 129 164 69 68
328.tif 79 153 75 74
329.tif 29 166 68 86
330.tif 39 72 84 90
331.tif 56 83 103 94
332.tif 86 121 93 78
333.tif 100 141 90 73
334.tif 114 157 102 74
335.tif 128 176 101 78
336.tif 127 150 90 77
337.tif 120 172 89 86
338.tif 74 55 142 118
339.tif 148 209 75 54
340.tif 172 181 57 41
341.tif 156 194 63 48
342.tif 80 89 112 98
343.tif 107 216 155 65
344.tif 99 181 179 100
345.tif 150 156 148 126
346.tif 143 201 65 79
347.tif 92 223 124 58
348.tif 42 143 208 139
349.tif 43 92 182 189
350.tif 42 80 157 197
351.tif 91 153 62 112
352.tif 75 240 160 42
353.tif 49 199 151 83
354.tif 62 199 141 82
355.tif 190 42 89 203
356.tif 194 36 86 203
357.tif 42 171 238 111
358.tif 42 224 233 58
359.tif 42 201 194 81
360.tif 81 141 172 141
361.tif 114 157 138 123
362.tif 155 142 104 138
363.tif 157 184 31 68
364.tif 216 180 61 49
365.tif 219 181 57 43
366.tif 228 182 58 45
367.tif 221 179 60 49
368.tif 201 174 58 49
369.tif 201 172 50 44
370.tif 181 172 50 41
371.tif 178 172 43 36
372.tif 180 170 41 34
373.tif 178 180 46 30
374.tif 164 155 49 34
375.tif 166 139 43 29
376.tif 171 123 74 45
377.tif 153 141 64 45
378.tif 160 139 60 41
379.tif 156 230 48 34
380.tif 184 213 57 41
381.tif 159 220 70 49
382.tif 160 205 74 54
383.tif 195 176 73 50
384.tif 144 14 168 258
385.tif 148 14 156 259
386.tif 130 14 170 251
387.tif 121 14 164 251
388.tif 151 14 173 245
389.tif 195 65 147 216
390.tif 227 79 115 202
391.tif 279 56 63 115
392.tif 254 49 88 127
393.tif 243 62 89 116
394.tif 203 62 94 118
395.tif 180 52 108 137
396.tif 201 47 110 144
397.tif 209 47 123 162
398.tif 165 56 135 185
399.tif 197 55 113 145
400.tif 251 68 83 114
401.tif 189 89 98 124
402.tif 195 61 127 151
403.tif 227 59 100 131
404.tif 247 56 95 145
405.tif 219 65 94 130
406.tif 252 66 90 140
407.tif 199 68 99 150
408.tif 205 111 78 140
409.tif 43 14 253 143
410.tif 124 46 134 104
411.tif 51 36 96 97
412.tif 47 39 94 103
413.tif 48 69 88 108
414.tif 43 14 198 205
415.tif 49 45 166 147
416.tif 71 18 160 141
417.tif 44 48 116 134
418.tif 71 45 97 89
419.tif 45 22 168 137
420.tif 51 33 171 151
421.tif 56 14 167 131
422.tif 46 36 225 202
423.tif 43 18 158 144
424.tif 105 196 61 52
425.tif 103 120 66 57
426.tif 71 50 126 115
427.tif 153 14 169 94
428.tif 82 14 138 94
429.tif 172 82 92 116
430.tif 191 86 91 111
431.tif 167 107 87 103
432.tif 157 97 105 120
433.tif 118 73 104 124
434.tif 113 68 105 129
435.tif 132 52 94 111
436.tif 164 79 95 110
437.tif 183 63 94 110
438.tif 169 39 139 166
439.tif 56 159 84 118
440.tif 49 160 70 121
441.tif 205 122 58 63
442.tif 223 80 62 85
443.tif 213 122 83 107
444.tif 169 175 96 105
445.tif 142 88 123 154
446.tif 111 83 118 151
447.tif 157 138 62 72
448.tif 172 15 94 98
449.tif 152 79 80 85
450.tif 201 69 59 62
451.tif 219 70 51 55
452.tif 184 124 72 70
453.tif 174 77 69 77
454.tif 155 27 89 98
455.tif 178 67 102 107
456.tif 166 49 114 131
457.tif 102 76 124 121
458.tif 161 132 92 83
459.tif 219 74 69 77
460.tif 208 117 82 85
461.tif 196 58 87 96
462.tif 143 91 103 98
463.tif 145 95 122 131
464.tif 171 40 98 114
465.tif 129 121 131 127
466.tif 158 49 112 134
467.tif 128 48 159 189
468.tif 102 28 183 162
469.tif 146 29 166 186
470.tif 82 92 190 190
471.tif 106 27 199 232
472.tif 60 26 260 211
473.tif 107 27 194 159
474.tif 88 27 215 177
475.tif 60 26 250 192
476.tif 89 27 226 245
477.tif 83 28 232 247
478.tif 78 26 241 254
479.tif 94 86 150 157
480.tif 98 86 149 142
481.tif 106 83 145 143
482.tif 84 86 169 169
483.tif 91 78 168 174
484.tif 113 85 155 159
485.tif 125 97 139 148
486.tif 148 162 95 87
487.tif 109 183 138 98
488.tif 95 181 142 100
489.tif 61 79 212 202
490.tif 76 26 274 255
491.tif 134 27 163 182
492.tif 137 104 186 156
493.tif 142 130 177 145
494.tif 153 144 174 137
495.tif 112 122 168 159
496.tif 107 131 164 150
497.tif 61 57 233 224
498.tif 100 80 192 199
499.tif 110 86 186 193
500.tif 151 103 145 147
501.tif 153 128 155 152
502.tif 136 115 161 164
503.tif 117 110 172 171
504.tif 105 141 100 127
505.tif 72 79 123 161
506.tif 43 46 213 235
507.tif 44 83 259 198
508.tif 149 101 131 160
509.tif 173 77 114 151
510.tif 191 63 105 143
511.tif 106 77 82 110
512.tif 146 143 99 97
513.tif 118 99 112 102
514.tif 173 136 153 97
515.tif 146 129 138 93
516.tif 134 115 120 143
517.tif 72 172 113 102
518.tif 91 167 104 91
519.tif 154 115 161 151
520.tif 72 137 196 143
521.tif 105 121 133 106
522.tif 80 121 114 86
523.tif 66 178 90 71
524.tif 104 147 187 134
525.tif 110 176 134 105
526.tif 117 104 118 99
527.tif 155 199 125 82
528.tif 159 109 134 102
529.tif 187 120 44 78
530.tif 152 65 43 75
531.tif 183 131 50 77
532.tif 223 44 56 87
533.tif 211 49 58 109
534.tif 211 86 64 122
535.tif 205 85 71 120
536.tif 84 125 68 123
537.tif 206 65 63 94
538.tif 222 76 63 102
539.tif 242 64 82 132
540.tif 84 52 102 178
541.tif 143 50 63 112
542.tif 119 71 67 120
543.tif 189 34 88 141
544.tif 94 44 106 170
545.tif 113 66 70 118
546.tif 134 50 74 111
547.tif 49 176 72 62
547.tif 187 134 44 44
548.tif 46 193 75 71
548.tif 192 140 56 58
549.tif 42 156 23 56
549.tif 117 120 39 45
550.tif 105 199 98 64
550.tif 256 154 43 42
551.tif 106 199 98 62
551.tif 255 152 42 43
552.tif 90 136 103 65
552.tif 252 99 34 38
553.tif 80 168 106 80
553.tif 255 115 40 45
554.tif 79 163 108 85
554.tif 260 107 42 49
555.tif 68 128 105 77
555.tif 243 87 40 43
556.tif 99 132 108 76
556.tif 267 96 35 39
557.tif 63 133 92 70
557.tif 219 93 38 43
558.tif 81 131 98 66
558.tif 232 96 35 37
559.tif 86 99 23 25
560.tif 68 122 74 54
560.tif 188 95 35 34
561.tif 54 144 83 70
561.tif 183 110 45 43
562.tif 52 171 83 79
562.tif 191 128 50 49
563.tif 209 169 148 113
564.tif 186 106 173 142
565.tif 82 167 106 85
565.tif 224 112 45 47
566.tif 42 102 66 55
566.tif 157 85 38 34
567.tif 59 112 75 51
567.tif 174 96 37 33
568.tif 122 145 43 35
568.tif 198 122 29 27
569.tif 52 142 52 47
569.tif 140 126 29 29
570.tif 42 157 19 56
570.tif 102 131 45 46
571.tif 74 125 76 56
571.tif 189 108 35 49
572.tif 261 85 92 69
573.tif 279 93 67 55
574.tif 270 108 72 51
575.tif 168 26 113 88
576.tif 59 23 216 87
577.tif 77 13 217 91
578.tif 126 14 174 75
579.tif 73 13 260 105
580.tif 59 13 270 114
581.tif 43 13 261 123
582.tif 189 86 117 99
583.tif 232 102 80 83
584.tif 250 128 71 59
585.tif 263 120 70 59
586.tif 232 96 87 71
587.tif 252 103 64 55
588.tif 255 105 57 51
589.tif 251 75 59 55
590.tif 211 87 58 49
591.tif 210 85 56 46
592.tif 173 214 114 59
593.tif 179 206 107 60
594.tif 182 185 108 57
595.tif 171 167 94 45
596.tif 168 194 78 38
597.tif 176 188 64 27
598.tif 175 214 86 41
599.tif 176 204 92 53
600.tif 105 201 139 79
601.tif 117 200 122 66
602.tif 112 186 129 67
603.tif 107 155 143 70
604.tif 102 160 144 65
605.tif 130 80 47 90
606.tif 106 115 59 94
607.tif 115 131 35 70
608.tif 147 170 94 39
609.tif 139 176 111 52
610.tif 177 203 110 50
611.tif 147 203 107 47
612.tif 155 194 79 34
