1.jpg 241 177 57 35
2.jpg 254 78 47 34
3.jpg 26 310 156 127
4.jpg 147 361 141 98
5.jpg 188 370 124 89
6.jpg 198 279 97 75
7.jpg 192 256 97 76
8.jpg 165 161 96 74
9.jpg 174 122 102 79
10.jpg 152 413 114 66
11.jpg 363 118 171 244
12.jpg 14 333 92 127
13.jpg 46 286 83 109
14.jpg 220 294 127 136
15.jpg 346 288 103 125
16.jpg 287 210 167 206
17.jpg 266 175 154 171
18.jpg 316 277 128 148
19.jpg 209 227 134 171
20.jpg 116 158 173 218
21.jpg 100 173 134 196
22.jpg 78 219 116 177
23.jpg 330 283 141 150
24.jpg 203 233 172 191
25.jpg 179 379 141 94
26.jpg 199 143 94 80
27.jpg 384 389 92 76
28.jpg 366 148 160 225
29.jpg 400 86 149 215
30.jpg 11 347 101 129
31.jpg 244 295 122 129
32.jpg 126 237 171 197
33.jpg 316 281 124 150
34.jpg 79 205 121 189
35.jpg 206 228 175 187
36.jpg 114 273 138 177
37.jpg 319 299 133 160
38.jpg 230 217 160 174
39.jpg 286 234 67 74
40.jpg 261 209 99 115
41.jpg 208 138 94 99
42.jpg 252 121 77 90
43.jpg 283 148 87 113
44.jpg 184 248 60 65
45.jpg 152 105 119 124
46.jpg 140 91 96 93
47.jpg 189 160 73 91
48.jpg 147 122 100 100
49.jpg 197 220 117 129
50.jpg 140 263 52 64
51.jpg 160 283 47 61
52.jpg 196 120 83 99
53.jpg 253 114 73 77
54.jpg 199 140 67 87
55.jpg 202 245 60 68
56.jpg 202 193 52 69
57.jpg 102 144 106 123
58.jpg 177 127 121 128
59.jpg 156 124 102 117
60.jpg 143 163 72 93
61.jpg 451 260 98 140
62.jpg 228 244 235 236
63.jpg 220 246 209 235
64.jpg 190 219 198 230
65.jpg 282 200 186 221
66.jpg 279 212 151 185
67.jpg 387 244 145 158
68.jpg 425 258 121 142
69.jpg 367 280 87 130
70.jpg 358 300 69 93
71.jpg 446 28 70 95
72.jpg 374 239 167 212
73.jpg 344 240 128 163
74.jpg 260 326 68 117
75.jpg 379 240 171 239
76.jpg 274 219 146 176
77.jpg 254 141 110 78
78.jpg 274 166 138 74
79.jpg 263 201 104 62
80.jpg 283 137 77 56
81.jpg 263 108 80 45
82.jpg 321 137 85 46
83.jpg 390 185 63 47
84.jpg 340 131 82 51
85.jpg 261 162 71 50
86.jpg 245 158 70 48
87.jpg 282 208 65 50
88.jpg 293 195 56 43
89.jpg 328 107 51 42
90.jpg 295 230 64 50
91.jpg 344 247 47 40
92.jpg 399 214 52 41
93.jpg 435 216 97 72
94.jpg 337 141 74 52
95.jpg 314 286 94 73
96.jpg 312 260 104 83
97.jpg 265 247 91 78
98.jpg 365 251 129 178
99.jpg 404 243 138 231
100.jpg 449 193 100 246
101.jpg 415 167 111 175
102.jpg 170 166 264 242
103.jpg 278 111 232 274
104.jpg 153 204 286 276
105.jpg 246 228 239 251
106.jpg 75 288 295 193
107.jpg 50 302 272 177
108.jpg 368 226 180 252
109.jpg 452 217 98 241
110.jpg 420 211 129 262
111.jpg 381 139 167 265
112.jpg 421 106 128 225
113.jpg 159 170 251 232
114.jpg 115 149 215 178
115.jpg 122 200 127 112
116.jpg 146 202 92 103
117.jpg 465 180 85 151
118.jpg 445 173 100 167
119.jpg 425 198 74 192
120.jpg 464 129 76 196
121.jpg 389 38 162 410
122.jpg 382 22 167 373
123.jpg 389 27 162 346
124.jpg 258 232 277 249
125.jpg 306 178 242 304
126.jpg 260 249 246 233
127.jpg 351 149 199 277
128.jpg 424 90 126 222
129.jpg 212 135 268 272
130.jpg 232 136 259 266
131.jpg 117 151 225 185
132.jpg 397 225 112 181
133.jpg 364 248 131 178
134.jpg 413 183 120 198
135.jpg 391 216 131 206
136.jpg 351 245 156 217
137.jpg 151 215 289 265
138.jpg 241 222 248 260
139.jpg 363 218 187 261
140.jpg 341 242 201 239
141.jpg 337 208 194 242
142.jpg 335 210 189 244
143.jpg 450 209 99 245
144.jpg 312 216 227 264
145.jpg 251 221 251 258
146.jpg 445 205 106 268
147.jpg 365 251 129 178
148.jpg 404 243 138 231
149.jpg 181 69 182 210
150.jpg 191 138 166 173
151.jpg 164 173 143 129
152.jpg 233 208 134 116
153.jpg 270 252 152 114
154.jpg 250 304 129 116
155.jpg 195 148 111 118
156.jpg 245 376 110 99
157.jpg 201 356 93 89
158.jpg 167 334 93 84
159.jpg 180 253 102 86
160.jpg 182 185 100 77
161.jpg 184 158 107 79
162.jpg 113 161 94 67
163.jpg 127 220 112 90
164.jpg 113 273 124 99
165.jpg 121 289 135 110
166.jpg 126 327 144 129
167.jpg 136 369 108 96
168.jpg 139 376 102 90
169.jpg 217 354 139 105
170.jpg 183 323 182 147
171.jpg 129 265 289 215
172.jpg 253 138 118 85
173.jpg 164 122 123 101
174.jpg 160 138 115 89
175.jpg 227 265 130 116
176.jpg 183 220 134 113
177.jpg 223 193 103 91
178.jpg 324 158 106 87
179.jpg 85 129 113 87
180.jpg 182 210 141 119
181.jpg 59 242 112 111
182.jpg 42 255 96 100
183.jpg 29 284 80 89
184.jpg 119 253 89 87
185.jpg 152 244 71 53
186.jpg 181 220 71 66
187.jpg 211 177 78 66
188.jpg 215 252 72 67
189.jpg 284 286 98 107
190.jpg 339 226 96 83
191.jpg 99 103 141 100
192.jpg 144 131 123 97
193.jpg 220 312 123 111
194.jpg 180 210 132 110
195.jpg 206 163 110 86
196.jpg 76 123 113 86
197.jpg 180 206 152 125
198.jpg 28 286 80 81
199.jpg 112 299 101 94
200.jpg 219 181 84 67
201.jpg 207 289 71 62
202.jpg 210 200 121 102
203.jpg 339 219 95 90
204.jpg 405 239 109 64
205.jpg 349 262 81 42
206.jpg 288 233 87 45
207.jpg 350 289 102 45
208.jpg 273 232 76 36
209.jpg 435 380 65 51
210.jpg 330 384 108 70
211.jpg 321 373 108 73
212.jpg 277 334 146 105
213.jpg 285 325 139 100
214.jpg 264 293 124 87
215.jpg 239 280 128 88
216.jpg 240 286 129 107
217.jpg 473 204 74 143
218.jpg 375 222 161 154
219.jpg 293 264 160 133
220.jpg 279 269 127 111
221.jpg 98 322 165 103
222.jpg 83 345 132 128
223.jpg 226 372 153 92
224.jpg 192 410 112 67
225.jpg 185 427 88 50
226.jpg 385 282 106 182
227.jpg 131 138 231 311
228.jpg 205 59 236 296
229.jpg 313 162 147 223
230.jpg 355 203 114 183
231.jpg 423 237 83 122
232.jpg 108 310 123 142
233.jpg 155 281 122 170
234.jpg 249 205 115 157
235.jpg 124 359 93 106
236.jpg 86 313 148 164
237.jpg 168 168 198 238
238.jpg 230 147 180 219
239.jpg 184 123 161 166
240.jpg 115 109 137 156
241.jpg 212 145 118 122
242.jpg 209 257 111 118
243.jpg 266 215 97 112
244.jpg 310 383 125 83
245.jpg 209 257 111 118
246.jpg 266 215 97 112
247.jpg 310 383 125 83
248.jpg 209 257 111 118
249.jpg 266 215 97 112
250.jpg 310 383 125 83
251.jpg 209 257 111 118
252.jpg 266 215 97 112
253.jpg 310 383 125 83
254.jpg 209 257 111 118
255.jpg 266 215 97 112
256.jpg 310 383 125 83
257.jpg 209 257 111 118
258.jpg 266 215 97 112
259.jpg 310 383 125 83
260.jpg 209 257 111 118
261.jpg 266 215 97 112
262.jpg 310 383 125 83
263.jpg 209 257 111 118
264.jpg 145 228 44 122
265.jpg 433 181 55 104
266.jpg 192 330 110 133
267.jpg 328 173 50 61
268.jpg 111 200 36 115
269.jpg 152 226 49 144
270.jpg 168 186 95 258
271.jpg 145 228 44 122
272.jpg 433 181 55 104
273.jpg 315 335 86 114
274.jpg 228 149 323 185
275.jpg 217 175 331 177
276.jpg 224 173 332 185
277.jpg 271 154 278 175
278.jpg 293 130 256 124
279.jpg 316 200 230 161
280.jpg 344 220 203 166
281.jpg 359 246 188 168
282.jpg 417 327 118 106
283.jpg 417 368 100 110
284.jpg 286 363 200 116
285.jpg 247 329 230 148
286.jpg 149 305 399 175
287.jpg 216 168 329 189
288.jpg 218 178 330 180
289.jpg 224 170 324 178
290.jpg 240 195 307 147
291.jpg 219 204 302 134
292.jpg 186 13 285 208
293.jpg 124 115 325 149
294.jpg 228 149 323 185
295.jpg 217 175 331 177
296.jpg 224 173 332 185
297.jpg 271 154 278 175
298.jpg 293 130 256 124
299.jpg 316 200 230 161
300.jpg 344 220 203 166
301.jpg 93 148 390 332
302.jpg 83 30 467 449
303.jpg 113 27 434 456
304.jpg 60 80 484 398
305.jpg 104 61 440 419
306.jpg 146 51 389 426
307.jpg 155 103 386 313
308.jpg 10 93 449 390
309.jpg 96 147 337 313
310.jpg 3 53 546 428
311.jpg 143 98 408 381
312.jpg 151 91 395 388
313.jpg 204 50 292 378
314.jpg 199 88 334 391
315.jpg 214 124 276 355
316.jpg 22 121 258 294
317.jpg 154 104 372 379
318.jpg 135 77 365 404
319.jpg 223 86 324 395
320.jpg 190 96 357 388
321.jpg 3 203 366 279
322.jpg 6 12 335 465
323.jpg 5 13 241 454
324.jpg 7 7 211 317
325.jpg 7 6 337 209
326.jpg 86 8 338 165
327.jpg 121 5 336 171
328.jpg 123 9 336 222
329.jpg 155 8 337 213
330.jpg 21 9 446 292
331.jpg 5 125 296 356
332.jpg 6 115 383 366
333.jpg 6 131 246 343
334.jpg 6 80 249 355
335.jpg 5 41 349 380
336.jpg 17 22 372 353
337.jpg 12 12 380 361
338.jpg 87 28 357 377
339.jpg 91 9 341 347
340.jpg 4 214 407 262
341.jpg 275 11 52 32
342.jpg 273 9 45 23
343.jpg 272 81 69 66
344.jpg 284 28 88 45
345.jpg 283 9 86 33
346.jpg 292 130 120 66
347.jpg 294 197 118 73
348.jpg 272 228 113 60
349.jpg 358 300 101 56
350.jpg 404 329 109 55
351.jpg 325 183 65 47
352.jpg 310 184 61 47
353.jpg 282 203 60 44
354.jpg 274 220 56 40
355.jpg 243 225 53 36
356.jpg 231 203 51 38
357.jpg 223 181 50 34
358.jpg 219 184 40 35
359.jpg 219 179 42 39
360.jpg 209 79 51 35
361.jpg 170 69 134 108
362.jpg 166 89 132 96
363.jpg 159 137 100 77
364.jpg 153 153 91 58
365.jpg 148 153 90 61
366.jpg 150 158 90 63
367.jpg 146 145 83 73
368.jpg 152 158 77 61
369.jpg 146 172 69 50
370.jpg 142 167 65 55
371.jpg 141 171 61 44
372.jpg 150 169 54 46
373.jpg 145 162 55 52
374.jpg 150 164 55 59
375.jpg 156 171 58 51
376.jpg 181 165 58 52
377.jpg 178 168 65 54
378.jpg 173 176 67 51
379.jpg 160 185 60 45
380.jpg 155 179 57 47
