1.jpg 40 155 224 125
2.jpg 40 127 229 153
3.jpg 40 130 230 150
4.jpg 40 120 231 160
5.jpg 40 135 220 145
6.jpg 40 101 176 179
7.jpg 40 100 197 180
8.jpg 40 132 295 148
9.jpg 40 175 267 105
10.jpg 40 13 94 254
11.jpg 40 12 121 205
12.jpg 40 43 173 236
13.jpg 40 151 182 129
14.jpg 42 149 288 131
15.jpg 40 96 268 184
16.jpg 229 171 128 109
17.jpg 158 166 199 114
18.jpg 149 201 202 79
19.jpg 60 164 266 116
20.jpg 50 162 255 118
21.jpg 40 123 246 157
22.jpg 40 19 304 261
23.jpg 77 154 280 126
24.jpg 41 187 306 93
25.jpg 45 17 303 258
26.jpg 149 69 53 36
27.jpg 186 108 49 38
28.jpg 201 96 78 59
29.jpg 181 158 85 70
30.jpg 98 92 130 89
31.jpg 115 142 122 86
32.jpg 123 170 135 96
33.jpg 144 158 142 97
34.jpg 163 171 111 82
35.jpg 156 104 112 81
36.jpg 156 75 86 63
37.jpg 139 118 116 85
38.jpg 107 113 93 62
39.jpg 118 123 90 58
40.jpg 126 113 122 87
41.jpg 159 113 92 69
42.jpg 142 93 111 85
43.jpg 70 146 103 70
44.jpg 55 91 132 88
45.jpg 173 172 106 76
46.jpg 108 84 116 71
47.jpg 123 119 136 99
48.jpg 65 53 102 68
49.jpg 95 187 135 84
50.jpg 155 97 72 60
51.jpg 169 153 34 43
52.jpg 221 98 34 39
53.jpg 279 148 32 34
54.jpg 272 128 25 25
55.jpg 301 110 30 29
56.jpg 215 200 59 60
57.jpg 231 176 39 43
58.jpg 247 138 39 46
59.jpg 251 194 35 44
60.jpg 242 81 53 68
61.jpg 286 57 50 56
62.jpg 261 139 39 53
63.jpg 261 140 42 46
64.jpg 283 150 37 44
65.jpg 287 149 40 43
66.jpg 289 177 41 48
67.jpg 300 163 47 46
68.jpg 104 195 132 83
69.jpg 136 173 38 45
70.jpg 79 207 64 43
70.jpg 152 143 48 36
71.jpg 80 203 39 22
71.jpg 111 165 20 18
72.jpg 232 208 61 35
72.jpg 96 142 46 29
72.jpg 131 110 21 17
73.jpg 296 213 46 39
73.jpg 127 114 49 42
73.jpg 144 73 28 27
74.jpg 188 223 67 34
74.jpg 61 122 36 37
74.jpg 84 94 16 16
75.jpg 187 217 79 32
75.jpg 59 120 38 33
75.jpg 83 93 16 16
76.jpg 133 228 43 38
76.jpg 181 171 26 33
77.jpg 144 196 50 42
77.jpg 204 140 25 29
78.jpg 223 221 58 43
79.jpg 72 151 40 64
80.jpg 97 197 37 46
81.jpg 68 83 131 105
82.jpg 46 136 55 82
83.jpg 68 121 115 107
84.jpg 81 77 71 92
85.jpg 78 43 81 93
86.jpg 76 105 84 98
87.jpg 83 29 87 102
88.jpg 78 104 73 78
89.jpg 87 67 75 85
90.jpg 100 62 79 87
91.jpg 117 53 77 84
92.jpg 179 40 63 82
93.jpg 84 131 63 80
94.jpg 108 60 66 93
95.jpg 122 35 65 90
96.jpg 135 27 64 85
97.jpg 100 64 81 64
98.jpg 110 95 121 105
99.jpg 71 106 102 90
100.jpg 68 102 106 87
101.jpg 165 140 112 98
102.jpg 166 123 108 99
103.jpg 123 95 120 101
104.jpg 252 34 104 183
105.jpg 230 32 127 184
106.jpg 222 40 134 222
107.jpg 115 12 129 215
108.jpg 133 12 122 219
109.jpg 141 12 115 219
110.jpg 137 13 143 238
111.jpg 150 12 138 242
112.jpg 158 13 145 244
113.jpg 157 12 144 246
114.jpg 197 13 154 249
115.jpg 229 11 115 270
116.jpg 196 12 135 262
117.jpg 167 12 145 248
118.jpg 156 11 163 261
119.jpg 259 12 97 265
120.jpg 242 13 95 267
121.jpg 239 12 101 269
122.jpg 251 11 106 270
123.jpg 256 12 100 268
124.jpg 245 13 111 266
125.jpg 254 14 86 177
126.jpg 256 11 81 180
127.jpg 219 200 97 72
128.jpg 213 182 106 77
129.jpg 206 137 117 90
130.jpg 126 79 135 101
131.jpg 115 66 136 100
132.jpg 61 179 93 70
133.jpg 102 173 118 81
134.jpg 172 192 116 79
135.jpg 207 117 149 163
136.jpg 150 183 163 97
137.jpg 184 187 155 93
138.jpg 190 130 163 141
139.jpg 173 100 173 149
140.jpg 150 62 187 156
141.jpg 145 12 210 175
142.jpg 43 40 176 185
143.jpg 295 153 61 101
144.jpg 197 105 154 137
145.jpg 64 47 188 156
146.jpg 52 14 187 158
147.jpg 94 102 145 118
148.jpg 134 133 132 96
149.jpg 130 154 129 89
150.jpg 114 162 123 85
151.jpg 85 176 106 81
152.jpg 132 126 198 134
153.jpg 117 63 115 71
154.jpg 141 112 25 38
155.jpg 151 81 41 65
156.jpg 122 43 70 106
157.jpg 121 14 91 131
158.jpg 94 33 67 103
159.jpg 95 70 43 65
160.jpg 115 20 93 131
161.jpg 106 58 56 80
162.jpg 141 34 80 98
163.jpg 159 18 91 104
164.jpg 48 66 52 83
165.jpg 68 61 85 125
166.jpg 59 69 99 119
167.jpg 113 30 68 73
168.jpg 138 64 89 82
169.jpg 161 40 102 97
170.jpg 168 27 84 78
171.jpg 179 21 88 85
172.jpg 189 12 71 56
173.jpg 86 79 109 139
174.jpg 109 106 153 134
175.jpg 85 157 154 124
176.jpg 87 127 151 138
177.jpg 87 188 125 92
178.jpg 233 90 27 22
179.jpg 268 127 69 58
180.jpg 227 142 73 61
181.jpg 232 138 69 61
182.jpg 220 134 74 60
183.jpg 217 132 72 59
184.jpg 192 120 69 57
185.jpg 184 120 88 71
186.jpg 169 112 116 90
187.jpg 137 80 147 114
188.jpg 132 70 146 120
189.jpg 135 93 91 73
190.jpg 153 125 73 62
191.jpg 216 123 45 35
192.jpg 220 89 46 40
193.jpg 254 120 59 53
194.jpg 188 129 84 75
195.jpg 191 126 82 71
196.jpg 195 123 82 70
197.jpg 206 110 85 74
198.jpg 222 97 80 72
199.jpg 224 96 84 71
200.jpg 147 135 89 84
201.jpg 150 145 93 84
202.jpg 146 140 94 81
203.jpg 261 137 72 84
204.jpg 257 146 63 71
205.jpg 193 203 64 60
206.jpg 43 183 273 79
207.jpg 43 176 285 79
208.jpg 122 163 187 67
209.jpg 188 210 138 59
210.jpg 43 82 312 192
211.jpg 43 69 310 178
212.jpg 43 83 299 177
213.jpg 50 97 285 123
214.jpg 65 171 249 95
215.jpg 137 191 168 89
216.jpg 57 171 231 101
217.jpg 148 106 148 110
218.jpg 163 151 128 107
219.jpg 113 164 176 86
220.jpg 182 187 101 78
221.jpg 151 188 127 72
222.jpg 190 195 89 63
223.jpg 173 188 81 70
224.jpg 183 203 72 60
225.jpg 149 223 93 46
226.jpg 87 215 110 64
227.jpg 141 219 91 50
228.jpg 172 80 87 149
229.jpg 163 95 85 156
230.jpg 133 53 148 211
231.jpg 124 57 141 196
232.jpg 159 92 120 188
233.jpg 171 92 123 188
234.jpg 184 99 109 181
235.jpg 180 114 106 167
236.jpg 166 148 104 132
237.jpg 170 56 100 211
238.jpg 161 50 100 215
239.jpg 149 44 99 203
240.jpg 141 54 99 197
241.jpg 112 44 105 203
242.jpg 76 108 115 172
243.jpg 132 17 87 202
244.jpg 146 52 82 194
245.jpg 153 71 75 167
246.jpg 65 84 87 196
247.jpg 92 64 105 216
248.jpg 100 78 92 202
249.jpg 134 102 81 178
250.jpg 142 94 74 186
251.jpg 146 80 65 170
252.jpg 133 65 75 209
253.jpg 43 71 261 164
254.jpg 43 105 232 175
255.jpg 43 150 242 130
256.jpg 43 130 228 150
257.jpg 43 90 242 180
258.jpg 43 80 246 170
259.jpg 44 100 265 170
260.jpg 57 111 282 169
261.jpg 78 118 257 162
262.jpg 107 157 238 123
263.jpg 43 166 267 114
264.jpg 43 123 283 157
265.jpg 43 114 287 166
266.jpg 43 100 272 180
267.jpg 52 64 248 152
268.jpg 46 70 310 173
269.jpg 43 156 267 124
270.jpg 43 135 248 145
271.jpg 43 123 257 157
272.jpg 43 72 313 175
273.jpg 43 42 312 167
274.jpg 43 60 313 190
275.jpg 43 107 279 173
276.jpg 43 116 276 164
277.jpg 73 130 240 150
278.jpg 181 183 71 45
279.jpg 188 155 72 51
280.jpg 176 138 76 57
281.jpg 165 125 76 62
282.jpg 139 101 81 65
283.jpg 158 82 85 61
284.jpg 201 123 82 49
285.jpg 210 92 82 52
286.jpg 156 151 94 48
287.jpg 93 138 88 53
288.jpg 72 124 82 57
289.jpg 55 90 70 61
290.jpg 128 102 51 50
291.jpg 188 134 52 41
292.jpg 201 102 67 45
293.jpg 159 130 85 55
294.jpg 155 95 81 60
295.jpg 130 70 78 58
296.jpg 187 112 74 50
297.jpg 173 196 85 45
298.jpg 223 107 74 138
299.jpg 224 115 48 92
300.jpg 210 130 81 149
301.jpg 193 159 70 121
302.jpg 211 75 88 155
303.jpg 220 30 89 182
304.jpg 263 74 89 163
305.jpg 231 70 112 191
306.jpg 113 74 165 206
307.jpg 90 105 117 131
308.jpg 111 140 115 137
309.jpg 99 193 79 85
310.jpg 238 204 55 67
311.jpg 171 199 64 71
312.jpg 247 191 37 55
313.jpg 227 188 110 92
314.jpg 239 136 99 141
315.jpg 184 140 173 140
316.jpg 149 81 207 199
317.jpg 179 86 144 175
318.jpg 167 178 67 45
319.jpg 168 157 67 51
320.jpg 177 193 90 60
321.jpg 170 120 99 78
322.jpg 160 86 116 89
323.jpg 142 117 124 100
324.jpg 148 151 104 80
325.jpg 146 114 82 71
326.jpg 137 137 75 71
327.jpg 129 164 69 68
328.jpg 79 153 75 74
329.jpg 29 166 68 86
330.jpg 39 72 84 90
331.jpg 56 83 103 94
332.jpg 86 121 93 78
333.jpg 100 141 90 73
334.jpg 114 157 102 74
335.jpg 128 176 101 78
336.jpg 127 150 90 77
337.jpg 120 172 89 86
338.jpg 74 55 142 118
339.jpg 148 209 75 54
340.jpg 172 181 57 41
341.jpg 156 194 63 48
342.jpg 80 89 112 98
343.jpg 107 216 155 65
344.jpg 99 181 179 100
345.jpg 150 156 148 126
346.jpg 143 201 65 79
347.jpg 92 223 124 58
348.jpg 42 143 208 139
349.jpg 43 92 182 189
350.jpg 42 80 157 197
351.jpg 91 153 62 112
352.jpg 75 240 160 42
353.jpg 49 199 151 83
354.jpg 62 199 141 82
355.jpg 190 42 89 203
356.jpg 194 36 86 203
357.jpg 42 171 238 111
358.jpg 42 224 233 58
359.jpg 42 201 194 81
360.jpg 81 141 172 141
361.jpg 114 157 138 123
362.jpg 155 142 104 138
363.jpg 157 184 31 68
364.jpg 216 180 61 49
365.jpg 219 181 57 43
366.jpg 228 182 58 45
367.jpg 221 179 60 49
368.jpg 201 174 58 49
369.jpg 201 172 50 44
370.jpg 181 172 50 41
371.jpg 178 172 43 36
372.jpg 180 170 41 34
373.jpg 178 180 46 30
374.jpg 164 155 49 34
375.jpg 166 139 43 29
376.jpg 171 123 74 45
377.jpg 153 141 64 45
378.jpg 160 139 60 41
379.jpg 156 230 48 34
380.jpg 184 213 57 41
381.jpg 159 220 70 49
382.jpg 160 205 74 54
383.jpg 195 176 73 50
384.jpg 144 14 168 258
385.jpg 148 14 156 259
386.jpg 130 14 170 251
387.jpg 121 14 164 251
388.jpg 151 14 173 245
389.jpg 195 65 147 216
390.jpg 227 79 115 202
391.jpg 279 56 63 115
392.jpg 254 49 88 127
393.jpg 243 62 89 116
394.jpg 203 62 94 118
395.jpg 180 52 108 137
396.jpg 201 47 110 144
397.jpg 209 47 123 162
398.jpg 165 56 135 185
399.jpg 197 55 113 145
400.jpg 251 68 83 114
401.jpg 189 89 98 124
402.jpg 195 61 127 151
403.jpg 227 59 100 131
404.jpg 247 56 95 145
405.jpg 219 65 94 130
406.jpg 252 66 90 140
407.jpg 199 68 99 150
408.jpg 205 111 78 140
409.jpg 43 14 253 143
410.jpg 124 46 134 104
411.jpg 51 36 96 97
412.jpg 47 39 94 103
413.jpg 48 69 88 108
414.jpg 43 14 198 205
415.jpg 49 45 166 147
416.jpg 71 18 160 141
417.jpg 44 48 116 134
418.jpg 71 45 97 89
419.jpg 45 22 168 137
420.jpg 51 33 171 151
421.jpg 56 14 167 131
422.jpg 46 36 225 202
423.jpg 43 18 158 144
424.jpg 105 196 61 52
425.jpg 103 120 66 57
426.jpg 71 50 126 115
427.jpg 153 14 169 94
428.jpg 82 14 138 94
429.jpg 172 82 92 116
430.jpg 191 86 91 111
431.jpg 167 107 87 103
432.jpg 157 97 105 120
433.jpg 118 73 104 124
434.jpg 113 68 105 129
435.jpg 132 52 94 111
436.jpg 164 79 95 110
437.jpg 183 63 94 110
438.jpg 169 39 139 166
439.jpg 56 159 84 118
440.jpg 49 160 70 121
441.jpg 205 122 58 63
442.jpg 223 80 62 85
443.jpg 213 122 83 107
444.jpg 169 175 96 105
445.jpg 142 88 123 154
446.jpg 111 83 118 151
447.jpg 157 138 62 72
448.jpg 172 15 94 98
449.jpg 152 79 80 85
450.jpg 201 69 59 62
451.jpg 219 70 51 55
452.jpg 184 124 72 70
453.jpg 174 77 69 77
454.jpg 155 27 89 98
455.jpg 178 67 102 107
456.jpg 166 49 114 131
457.jpg 102 76 124 121
458.jpg 161 132 92 83
459.jpg 219 74 69 77
460.jpg 208 117 82 85
461.jpg 196 58 87 96
462.jpg 143 91 103 98
463.jpg 145 95 122 131
464.jpg 171 40 98 114
465.jpg 129 121 131 127
466.jpg 158 49 112 134
467.jpg 128 48 159 189
468.jpg 102 28 183 162
469.jpg 146 29 166 186
470.jpg 82 92 190 190
471.jpg 106 27 199 232
472.jpg 60 26 260 211
473.jpg 107 27 194 159
474.jpg 88 27 215 177
475.jpg 60 26 250 192
476.jpg 89 27 226 245
477.jpg 83 28 232 247
478.jpg 78 26 241 254
479.jpg 94 86 150 157
480.jpg 98 86 149 142
481.jpg 106 83 145 143
482.jpg 84 86 169 169
483.jpg 91 78 168 174
484.jpg 113 85 155 159
485.jpg 125 97 139 148
486.jpg 148 162 95 87
487.jpg 109 183 138 98
488.jpg 95 181 142 100
489.jpg 61 79 212 202
490.jpg 76 26 274 255
491.jpg 134 27 163 182
492.jpg 137 104 186 156
493.jpg 142 130 177 145
494.jpg 153 144 174 137
495.jpg 112 122 168 159
496.jpg 107 131 164 150
497.jpg 61 57 233 224
498.jpg 100 80 192 199
499.jpg 110 86 186 193
500.jpg 151 103 145 147
501.jpg 153 128 155 152
502.jpg 136 115 161 164
503.jpg 117 110 172 171
504.jpg 105 141 100 127
505.jpg 72 79 123 161
506.jpg 43 46 213 235
507.jpg 44 83 259 198
508.jpg 149 101 131 160
509.jpg 173 77 114 151
510.jpg 191 63 105 143
511.jpg 106 77 82 110
512.jpg 146 143 99 97
513.jpg 118 99 112 102
514.jpg 173 136 153 97
515.jpg 146 129 138 93
516.jpg 134 115 120 143
517.jpg 72 172 113 102
518.jpg 91 167 104 91
519.jpg 154 115 161 151
520.jpg 72 137 196 143
521.jpg 105 121 133 106
522.jpg 80 121 114 86
523.jpg 66 178 90 71
524.jpg 104 147 187 134
525.jpg 110 176 134 105
526.jpg 117 104 118 99
527.jpg 155 199 125 82
528.jpg 159 109 134 102
529.jpg 187 120 44 78
530.jpg 152 65 43 75
531.jpg 183 131 50 77
532.jpg 223 44 56 87
533.jpg 211 49 58 109
534.jpg 211 86 64 122
535.jpg 205 85 71 120
536.jpg 84 125 68 123
537.jpg 206 65 63 94
538.jpg 222 76 63 102
539.jpg 242 64 82 132
540.jpg 84 52 102 178
541.jpg 143 50 63 112
542.jpg 119 71 67 120
543.jpg 189 34 88 141
544.jpg 94 44 106 170
545.jpg 113 66 70 118
546.jpg 134 50 74 111
547.jpg 49 176 72 62
547.jpg 187 134 44 44
548.jpg 46 193 75 71
548.jpg 192 140 56 58
549.jpg 42 156 23 56
549.jpg 117 120 39 45
550.jpg 105 199 98 64
550.jpg 256 154 43 42
551.jpg 106 199 98 62
551.jpg 255 152 42 43
552.jpg 90 136 103 65
552.jpg 252 99 34 38
553.jpg 80 168 106 80
553.jpg 255 115 40 45
554.jpg 79 163 108 85
554.jpg 260 107 42 49
555.jpg 68 128 105 77
555.jpg 243 87 40 43
556.jpg 99 132 108 76
556.jpg 267 96 35 39
557.jpg 63 133 92 70
557.jpg 219 93 38 43
558.jpg 81 131 98 66
558.jpg 232 96 35 37
559.jpg 86 99 23 25
560.jpg 68 122 74 54
560.jpg 188 95 35 34
561.jpg 54 144 83 70
561.jpg 183 110 45 43
562.jpg 52 171 83 79
562.jpg 191 128 50 49
563.jpg 209 169 148 113
564.jpg 186 106 173 142
565.jpg 82 167 106 85
565.jpg 224 112 45 47
566.jpg 42 102 66 55
566.jpg 157 85 38 34
567.jpg 59 112 75 51
567.jpg 174 96 37 33
568.jpg 122 145 43 35
568.jpg 198 122 29 27
569.jpg 52 142 52 47
569.jpg 140 126 29 29
570.jpg 42 157 19 56
570.jpg 102 131 45 46
571.jpg 74 125 76 56
571.jpg 189 108 35 49
572.jpg 261 85 92 69
573.jpg 279 93 67 55
574.jpg 270 108 72 51
575.jpg 168 26 113 88
576.jpg 59 23 216 87
577.jpg 77 13 217 91
578.jpg 126 14 174 75
579.jpg 73 13 260 105
580.jpg 59 13 270 114
581.jpg 43 13 261 123
582.jpg 189 86 117 99
583.jpg 232 102 80 83
584.jpg 250 128 71 59
585.jpg 263 120 70 59
586.jpg 232 96 87 71
587.jpg 252 103 64 55
588.jpg 255 105 57 51
589.jpg 251 75 59 55
590.jpg 211 87 58 49
591.jpg 210 85 56 46
592.jpg 173 214 114 59
593.jpg 179 206 107 60
594.jpg 182 185 108 57
595.jpg 171 167 94 45
596.jpg 168 194 78 38
597.jpg 176 188 64 27
598.jpg 175 214 86 41
599.jpg 176 204 92 53
600.jpg 105 201 139 79
601.jpg 117 200 122 66
602.jpg 112 186 129 67
603.jpg 107 155 143 70
604.jpg 102 160 144 65
605.jpg 130 80 47 90
606.jpg 106 115 59 94
607.jpg 115 131 35 70
608.jpg 147 170 94 39
609.jpg 139 176 111 52
610.jpg 177 203 110 50
611.jpg 147 203 107 47
612.jpg 155 194 79 34
